49.00
49.01
49.02
49.03
49.04
49.05
49.06
49.07
49.08
49.09
49.1
49.11
49.12
49.13
49.14
49.15
49.16
49.17
49.18
49.19
49.2
49.21
49.22
49.23
49.24
49.25
49.26
49.27
49.28
49.29
49.3
49.31
49.32
49.33
49.34
49.35
49.36
49.37
49.38
49.39
49.4
49.41
49.42
49.43
49.44
49.45
49.46
49.47
49.48
49.49
49.5
49.51
49.52
49.53
49.54
49.55
49.56
49.57
49.58
49.59
49.6
49.61
49.62
49.63
49.64
49.65
49.66
49.67
49.68
49.69
49.7
49.71
49.72
49.73
49.74
49.75
49.76
49.77
49.78
49.79
49.8
49.81
49.82
49.83
49.84
49.85
49.86
49.87
49.88
49.89
49.9
49.91
49.92
49.93
49.94
49.95
49.96
49.97
49.98
49.99
50
50.01
50.02
50.03
50.04
50.05
50.06
50.07
50.08
50.09
50.1
50.11
50.12
50.13
50.14
50.15
50.16
50.17
50.18
50.19
50.2
50.21
50.22
50.23
50.24
50.25
50.26
50.27
50.28
50.29
50.3
50.31
50.32
50.33
50.34
50.35
50.36
50.37
50.38
50.39
50.4
50.41
50.42
50.43
50.44
50.45
50.46
50.47
50.48
50.49
50.5
50.51
50.52
50.53
50.54
50.55
50.56
50.57
50.58
50.59
50.6
50.61
50.62
50.63
50.64
50.65
50.66
50.67
50.68
50.69
50.7
50.71
50.72
50.73
50.74
50.75
50.76
50.77
50.78
50.79
50.8
50.81
50.82
50.83
50.84
50.85
50.86
50.87
50.88
50.89
50.9
50.91
50.92
50.93
50.94
50.95
50.96
50.97
50.98
50.99
51
51.01
51.02
51.03
51.04
51.05
51.06
51.07
51.08
51.09
51.1
51.11
51.12
51.13
51.14
51.15
51.16
51.17
51.18
51.19
51.2
51.21
51.22
51.23
51.24
51.25
51.26
51.27
51.28
51.29
51.3
51.31
51.32
51.33
51.34
51.35
51.36
51.37
51.38
51.39
51.4
51.41
51.42
51.43
51.44
51.45
51.46
51.47
51.48
51.49
51.5
51.51
51.52
51.53
51.54
51.55
51.56
51.57
51.58
51.59
51.6
51.61
51.62
51.63
51.64
51.65
51.66
51.67
51.68
51.69
51.7
51.71
51.72
51.73
51.74
51.75
51.76
51.77
51.78
51.79
51.8
51.81
51.82
51.83
51.84
51.85
51.86
51.87
51.88
51.89
51.9
51.91
51.92
51.93
51.94
51.95
51.96
51.97
51.98
51.99
52
52.01
52.02
52.03
52.04
52.05
52.06
52.07
52.08
52.09
52.1
52.11
52.12
52.13
52.14
52.15
52.16
52.17
52.18
52.19
52.2